0.267478 105
1.120817 1
0.211795 1
0.311941 1
0.900295 1
0.503828 1
0.252004 1
0.859714 1
0.211461 1
0.944989 2
0.347118 945
1.696829 1
0.431640 2
0.000353 3
0.000080 43
1.227704 1
0.235918 1
0.140570 1
0.403020 1
0.196463 1
0.476232 1
0.367642 1
0.156211 1
0.575226 1
0.228751 1
0.367229 1
0.412759 1
0.271700 1
0.212298 1
1.043899 2
1.166027 364
0.000146 325
0.000029 125
0.000080 256
0.000067 128
0.000102 230
0.000083 114
0.000046 116
0.000040 119
0.000047 21
0.000072 20
0.000121 216
0.000113 169
0.000048 76
0.000054 146
0.000043 118
0.000050 128
0.000048 114
0.000054 110
0.000126 35
2.180893 1
0.856070 2
0.012187 70
1.479360 2
0.012892 1860
0.008267 37
3.123160 1
0.390899 1
0.337044 1
0.388094 1
0.151841 1
0.235857 1
0.207904 1
1.340495 1
0.171799 1
0.152034 1
2.699629 2
0.057411 105
1.558784 8
1.132316 2
0.324530 945
1.499093 1
1.424119 2
0.000283 43
2.287819 1
0.124178 1
0.195546 1
0.099955 1
0.572180 1
0.372017 1
0.315764 1
0.211773 1
0.884532 2
0.002557 19
0.000172 16
0.000175 35
1.692866 1
1.168041 2
0.007049 70
1.324994 2
0.021663 81
0.017426 37
3.700677 1
0.128191 1
0.231960 1
0.132037 1
3.771912 1
0.164179 1
0.127923 1
0.148036 1
5.119960 2
0.075742 105
1.132420 8
0.520217 51
0.988075 276
0.751706 2
0.345957 945
1.729682 1
0.560368 2
0.000279 23
1.559650 1
0.103808 1
0.196147 1
0.116209 1
0.835827 1
0.352186 1
0.363724 1
0.216121 1
0.864051 2
0.001625 19
0.000133 16
2.680953 46
0.000032 24
0.000032 93
0.000065 51
0.000153 231
0.000051 62
0.000049 30
0.000017 28
0.000047 55
0.000033 28
0.000030 29
0.000038 31
0.000038 31
0.000026 30
0.000041 28
0.000016 32
0.000036 28
0.000027 32
0.000031 28
0.000030 30
0.000030 38
0.000032 32
0.000030 45
0.000048 654
0.000038 104
0.000031 50
0.000256 2379
0.000111 878
0.000058 115
0.000022 49
0.000057 726
0.000035 116
0.000049 50
0.000035 780
0.000043 125
0.000026 48
0.000047 726
0.000046 116
0.000047 49
0.000043 856
0.000061 77
0.000026 50
0.000013 460
0.000042 110
0.000040 45
0.000039 654
0.000033 104
0.000033 44
0.000045 660
0.000034 105
0.000024 29
0.000031 47
0.000037 714
0.000066 161
0.000013 702
0.000044 112
0.000036 46
0.000042 690
0.000036 110
0.000038 31
0.000038 67
0.000048 756
0.000083 121
0.000026 57
0.000042 714
0.000035 114
0.000062 766
0.000054 115
0.000034 104
0.000051 696
0.000033 111
0.000037 89
0.000042 678
0.000013 108
0.000034 44
0.000048 714
0.000034 114
0.000042 49
0.000033 56
0.000051 804
0.000035 129
0.000040 56
0.000045 708
0.000037 113
0.000038 56
0.000045 630
0.000038 100
0.000037 32
0.000032 49
0.000046 720
0.000044 115
0.000033 86
0.000051 768
0.000033 123
0.000028 112
0.000043 696
0.000035 111
0.000032 104
0.000043 420
0.000038 152
0.000056 714
0.000032 114
0.000038 43
0.000047 684
0.000014 109
0.000044 75
0.000046 630
0.011503 4095
0.000079 4095
0.000056 4095
0.000048 2093
0.000099 112
0.000027 46
0.000073 618
0.000033 98
0.000055 48
0.000020 648
0.000041 103
0.000059 53
0.000024 750
0.000053 164
0.000078 863
0.000051 44
0.000020 702
0.000053 156
0.000050 756
0.000038 121
0.000021 81
0.000043 68
0.000034 32
0.000051 57
0.000055 29
0.000031 39
0.000047 42
0.000018 182
0.000046 372
0.000023 57
0.000053 540
0.000020 57
0.000048 175
0.000045 372
0.000020 57
0.000042 187
0.000035 372
0.000055 57
0.000040 23
0.000082 28
0.000028 29
0.000036 31
0.000021 31
0.000046 30
0.000020 28
0.000044 32
0.000020 28
0.000044 32
0.000021 28
0.000050 30
0.000021 38
0.000043 32
0.000034 41
0.000035 35
0.000038 43
0.000060 80
0.000059 32
0.000041 31
0.000037 37
0.000023 42
0.000033 77
0.000051 110
0.000043 38
0.000024 76
0.000043 43
0.000047 78
0.000040 2
0.000024 32
0.000016 31
0.000044 37
0.000034 42
0.000041 39
0.000046 60
0.000046 51
0.000047 60
0.000042 31
0.000022 58
0.000047 60
0.000044 60
0.000047 30
0.000019 38
0.000018 32
0.000041 149
0.000055 654
0.000055 164
0.000018 714
0.000038 163
0.000053 630
0.000021 97
0.000034 56
0.000040 112
0.000053 702
0.000047 46
0.000047 115
0.000051 720
0.000059 49
0.000041 116
0.000127 726
0.000039 97
0.000015 50
0.000040 125
0.000061 780
0.000025 48
0.000036 116
0.000017 726
0.000041 167
0.000051 738
0.000024 96
0.000017 49
0.000038 204
0.000064 78
0.000017 110
0.000053 505
0.000046 104
0.000020 654
0.000020 44
0.000035 105
0.000017 660
0.000042 57
0.000045 161
0.000049 714
0.000026 47
0.000019 112
0.000046 748
0.000045 110
0.000018 690
0.000050 60
0.000016 67
0.000043 121
0.000019 756
0.000304 2905
0.000057 722
0.000050 114
0.000048 714
0.000039 49
0.000046 119
0.000035 124
0.000033 56
0.000014 129
0.000064 804
0.000032 56
0.000017 113
0.000040 708
0.000057 56
0.000030 100
0.000050 630
0.000040 32
0.000038 97
0.000049 49
0.000038 115
0.000039 720
0.000037 86
0.000036 123
0.000049 768
0.000036 112
0.000033 111
0.000054 696
0.000038 32
0.000030 97
0.000036 97
0.000041 104
0.000047 100
0.000078 420
0.000042 52
0.000034 114
0.000038 714
0.000037 43
0.000096 109
0.000044 684
0.000036 97
0.000027 75
0.000040 100
0.000037 630
0.000046 43
0.000014 100
0.000046 630
0.000040 59
0.000015 129
0.000059 804
0.000034 57
0.000037 121
0.000031 756
0.000033 49
0.000038 101
0.000047 636
0.000036 117
0.000032 112
0.000037 702
0.000038 46
0.000036 129
0.000036 804
0.000036 56
0.000028 107
0.000034 672
0.000038 43
0.000036 113
0.000034 708
0.000040 97
0.000037 56
0.000028 112
0.000048 702
0.000035 58
0.000032 115
0.000047 720
0.000034 57
0.000029 110
0.000044 690
0.000038 97
0.000017 53
0.000036 117
0.000034 732
0.000041 56
0.000037 109
0.000038 684
0.000037 112
0.000036 112
0.000034 702
0.000038 97
0.000035 48
0.000042 103
0.000036 432
0.000029 47
0.000034 98
0.000040 412
0.000036 45
0.000036 112
0.000042 702
0.000036 97
0.000041 46
0.000031 98
0.000042 618
0.000037 48
0.000033 103
0.000035 648
0.000040 53
0.000035 120
0.000042 750
0.000016 97
0.000038 44
0.000036 119
0.000013 744
0.000038 44
0.000036 112
0.000041 702
0.000030 44
0.000034 121
0.000031 756
0.000039 97
0.000035 96
0.000029 81
0.000033 96
0.000038 121
0.000035 68
0.000040 32
0.000016 28
0.000035 29
0.000030 29
0.000035 39
0.000031 42
0.000034 53
0.000030 182
0.000035 57
0.000029 372
0.000035 168
0.000032 57
0.000044 372
0.000043 175
0.000015 57
0.000043 372
0.000032 187
0.000029 57
0.000045 372
0.000035 38
0.000030 41
0.000029 35
0.000028 43
0.000029 43
0.000028 37
0.000027 32
0.000028 31
0.000027 37
0.000027 42
0.000028 39
0.000027 23
0.000027 37
0.000027 23
0.000029 28
0.000028 29
0.000028 31
0.000027 31
0.000027 30
0.000027 28
0.000027 32
0.000027 28
0.000027 32
0.000029 28
0.000027 30
0.000027 38
0.000027 32
0.000028 24
0.000027 22
0.000027 24
0.000029 97
0.000028 96
0.000027 28
0.000027 29
0.000027 31
0.000029 32
0.000037 97
0.000035 97
0.000035 97
0.000037 97
0.000036 97
0.000035 96
0.000036 24
0.000036 22
0.000033 24
0.000036 87
0.000035 87
0.000035 88
0.000035 82
0.000035 85
0.000038 84
0.000037 79
0.000028 82
0.000036 83
0.000035 83
0.000035 77
0.000035 73
0.000036 82
0.000035 79
0.000035 77
0.000036 73
0.000036 80
0.000035 84
0.000088 35
1.496673 1
0.347622 2
0.043241 70
2.183778 2
0.005866 758
0.007567 37
2.423726 1
0.099903 1
0.248147 1
0.127889 1
1.596138 1
0.131733 1
0.116314 1
0.187634 1
0.136297 1
1.992000 1
0.163934 1
0.134782 1
1.849311 2
1.246457 364
0.000087 450
0.000163 614
0.000028 114
0.000044 116
0.000025 140
0.000053 48
0.000050 138
0.000018 25
0.000031 25
0.000014 21
0.000031 72
0.000105 298
0.000054 246
0.000060 114
0.000068 110
0.000074 35
1.368482 1
1.011654 2
0.009946 70
1.130523 2
0.026496 1860
0.014660 37
2.706873 1
0.067869 1
0.227854 1
0.140586 1
0.603430 1
0.108501 1
0.346753 1
0.096812 1
0.196137 1
0.963865 3
0.192181 3
0.151835 3
0.715944 1
0.252125 1
0.128227 1
1.167552 1
0.260156 1
0.291963 1
2.112208 2
0.075900 105
3.748387 8
1.147726 1
0.263893 1
0.160338 1
0.264282 1
0.119708 1
0.139822 1
0.231794 1
0.732343 2
0.347899 1421
0.039932 105
7.127890 6
